{
 "cells": [
  {
   "cell_type": "code",
   "execution_count": 13,
   "metadata": {},
   "outputs": [],
   "source": [
    "import pinocchio as pin\n",
    "import os\n",
    "from pinocchio.visualize import MeshcatVisualizer\n",
    "import numpy as np\n",
    "from numpy.linalg import solve,norm\n",
    "# from robot_descriptions.loaders.pinocchio import load_robot_description\n",
    "# import gepetto.corbaserver"
   ]
  },
  {
   "cell_type": "code",
   "execution_count": 14,
   "metadata": {},
   "outputs": [],
   "source": [
    "urdf_filename = \"/home/adi/hum_rob_ws/src/six_dof/urdf/6dof_fixed.urdf\"\n",
    "mesh_dir = \"/home/adi/hum_rob_ws/src/six_dof/meshes\"\n",
    "\n",
    "ros_package_path = \"/home/adi/hum_rob_ws/src\"  # Replace with your path\n",
    "os.environ[\"ROS_PACKAGE_PATH\"] = ros_package_path"
   ]
  },
  {
   "cell_type": "code",
   "execution_count": 15,
   "metadata": {},
   "outputs": [],
   "source": [
    "model = pin.buildModelFromUrdf(urdf_filename)\n",
    "visual_model = pin.buildGeomFromUrdf(\n",
    "    model, urdf_filename, pin.GeometryType.VISUAL, package_dirs=mesh_dir\n",
    ")\n",
    "collision_model = pin.buildGeomFromUrdf(\n",
    "    model, urdf_filename, pin.GeometryType.COLLISION, package_dirs=mesh_dir\n",
    ")\n",
    "data = model.createData()"
   ]
  },
  {
   "cell_type": "code",
   "execution_count": 16,
   "metadata": {},
   "outputs": [
    {
     "name": "stdout",
     "output_type": "stream",
     "text": [
      "[1, 2, 3, 4]\n"
     ]
    }
   ],
   "source": [
    "#list of joitns to lock\n",
    "joints_to_lock=['right_foot_shin','right_shin_thigh','right_thigh_body','right_thigh_body_lateral']\n",
    "\n",
    "IDs=[]\n",
    "\n",
    "for joint_name in joints_to_lock:\n",
    "    if model.existJointName(joint_name):\n",
    "        IDs.append(model.getJointId(joint_name))\n",
    "print(IDs)\n",
    "\n",
    "initial_joint_config=np.array([0,0,0,0,0,0,0,0])\n",
    "\n",
    "model_reduced, geom_models_reduced=pin.buildReducedModel(model,list_of_geom_models=[visual_model,collision_model],\n",
    "    list_of_joints_to_lock=IDs,\n",
    "    reference_configuration=initial_joint_config)\n",
    "visual_model_reduced,collision_model_reduced=geom_models_reduced[0],geom_models_reduced[1]"
   ]
  },
  {
   "cell_type": "code",
   "execution_count": 17,
   "metadata": {},
   "outputs": [],
   "source": [
    "data_reduced=model_reduced.createData()\n",
    "geom_data = pin.GeometryData(collision_model_reduced)"
   ]
  },
  {
   "cell_type": "code",
   "execution_count": 18,
   "metadata": {},
   "outputs": [
    {
     "name": "stdout",
     "output_type": "stream",
     "text": [
      "joints to lock (only ids): [1, 2, 3, 4]\n",
      "reduced model: dim=5\n",
      "------------------------------\n"
     ]
    }
   ],
   "source": [
    "print('joints to lock (only ids):', IDs)\n",
    "print('reduced model: dim=' + str(len(model_reduced.joints)))\n",
    "print('-' * 30)"
   ]
  },
  {
   "cell_type": "code",
   "execution_count": 19,
   "metadata": {},
   "outputs": [
    {
     "name": "stdout",
     "output_type": "stream",
     "text": [
      "You can open the visualizer by visiting the following URL:\n",
      "http://127.0.0.1:7004/static/\n"
     ]
    }
   ],
   "source": [
    "visualizer = MeshcatVisualizer(model_reduced, collision_model_reduced, visual_model_reduced)\n",
    "\n",
    "\n",
    "visualizer.initViewer()\n",
    "visualizer.loadViewerModel()"
   ]
  },
  {
   "cell_type": "code",
   "execution_count": 20,
   "metadata": {},
   "outputs": [
    {
     "name": "stdout",
     "output_type": "stream",
     "text": [
      "[0. 0. 0. 0.]\n"
     ]
    }
   ],
   "source": [
    "q_red=pin.neutral(model_reduced)\n",
    "print(q_red)\n",
    "eps = 1e-3\n",
    "DT = 1e-1\n",
    "damp = 1e-1\n",
    "IT_MAX=20000\n",
    "JOINT_ID = 4\n",
    "\n",
    "#oMdes = pin.SE3(np.eye(3), np.array([0.0122, 0.05, 0.02])) #think of oMdes as oTdes, the transfromation from desired to origin expressed in origin\n",
    "R_des = np.array(\n",
    "    [\n",
    "        [0.980062, 0.0029636, -0.198672],\n",
    "        [-0.0030271, 0.999995, -1.58699e-05],\n",
    "        [0.198671, 0.000616952, 0.980066],\n",
    "    ]\n",
    ")\n",
    "oMdes = pin.SE3(\n",
    "    R_des, np.array([0.147782, -3.96171e-06, 0.029025])\n",
    ")\n",
    "i = 0\n",
    "\n",
    "visualizer.display(q_red)\n",
    "\n",
    "q=pin.neutral(model)\n"
   ]
  },
  {
   "cell_type": "code",
   "execution_count": 21,
   "metadata": {},
   "outputs": [
    {
     "name": "stdout",
     "output_type": "stream",
     "text": [
      "universe                 :  0.000  0.000  0.000\n",
      "body_left_thigh_lateral  :  0.076  0.000  0.290\n",
      "body_left_thigh          :  0.076  0.000  0.290\n",
      "left_thigh_shin          :  0.071  0.000  0.130\n",
      "left_shin_foot           :  0.092 -0.000  0.000\n",
      "  R =\n",
      "    0.999995    0.0031853 -2.53654e-06\n",
      "  -0.0031853     0.999995  4.03983e-09\n",
      " 2.53654e-06  4.03983e-09            1\n",
      "  p =       0.0925 -2.70751e-05  2.15606e-08\n",
      "\n"
     ]
    }
   ],
   "source": [
    "pin.forwardKinematics(model_reduced,data_reduced,q_red)\n",
    " \n",
    "# Print out the placement of each joint of the kinematic tree\n",
    "for name, oMi in zip(model_reduced.names, data_reduced.oMi):\n",
    "    print((\"{:<24} : {: .3f} {: .3f} {: .3f}\"\n",
    "          .format( name, *oMi.translation.T.flat )))\n",
    "\n",
    "print(data_reduced.oMi[4])"
   ]
  },
  {
   "cell_type": "code",
   "execution_count": 22,
   "metadata": {},
   "outputs": [
    {
     "data": {
      "text/html": [
       "\n",
       "            <div style=\"height: 400px; width: 100%; overflow-x: auto; overflow-y: hidden; resize: both\">\n",
       "            <iframe src=\"http://127.0.0.1:7004/static/\" style=\"width: 100%; height: 100%; border: none\"></iframe>\n",
       "            </div>\n",
       "            "
      ],
      "text/plain": [
       "<IPython.core.display.HTML object>"
      ]
     },
     "execution_count": 22,
     "metadata": {},
     "output_type": "execute_result"
    }
   ],
   "source": [
    "visualizer.viewer.jupyter_cell()"
   ]
  },
  {
   "cell_type": "code",
   "execution_count": 23,
   "metadata": {},
   "outputs": [
    {
     "name": "stdout",
     "output_type": "stream",
     "text": [
      "  R =\n",
      "    0.980067 -0.000221698    -0.198668\n",
      " 9.47084e-05     0.999999 -0.000648696\n",
      "    0.198669  0.000616949     0.980067\n",
      "  p =   0.0552817 0.000199203   0.0290248\n",
      "\n",
      "0.20955110373324967\n",
      "  R =\n",
      "    0.983553 -0.000195955    -0.180622\n",
      " 9.17586e-05     0.999999 -0.000585219\n",
      "    0.180622  0.000559019     0.983552\n",
      "  p =   0.0504731 0.000188103   0.0277405\n",
      "\n",
      "0.19055737893700395\n",
      "  R =\n",
      "    0.986432 -0.000172977    -0.164175\n",
      " 8.75121e-05     0.999999 -0.000527792\n",
      "    0.164175  0.000506262     0.986431\n",
      "  p =   0.0460847 0.000177845   0.0266504\n",
      "\n",
      "0.17331993818092176\n",
      "  R =\n",
      "    0.988809 -0.000152445    -0.149192\n",
      "  8.2367e-05     0.999999 -0.000475876\n",
      "    0.149192   0.00045826     0.988808\n",
      "  p =  0.0420826 0.00016837  0.0257238\n",
      "\n",
      "0.157679824222902\n",
      "  R =\n",
      "    0.990771 -0.000134078    -0.135551\n",
      " 7.66359e-05     0.999999 -0.000428969\n",
      "    0.135551   0.00041462      0.99077\n",
      "  p =   0.0384349 0.000159617   0.0249346\n",
      "\n",
      "0.14349278027117965\n",
      "  R =\n",
      "     0.99239 -0.000117633    -0.123136\n",
      " 7.05621e-05            1 -0.000386606\n",
      "    0.123136  0.000374974      0.99239\n",
      "  p =   0.0351119 0.000151528   0.0242613\n",
      "\n",
      "0.13062791316560388\n",
      "  R =\n",
      "    0.993727 -0.000102892     -0.11184\n",
      "  6.4333e-05            1 -0.000348361\n",
      "     0.11184  0.000338979     0.993726\n",
      "  p =   0.0320859 0.000144049   0.0236858\n",
      "\n",
      "0.11896647752470561\n",
      "  R =\n",
      "    0.994829 -8.96682e-05    -0.101565\n",
      " 5.80908e-05            1 -0.000313841\n",
      "    0.101565  0.000306317     0.994829\n",
      "  p =   0.0293313 0.000137129   0.0231928\n",
      "\n",
      "0.10840076904662456\n",
      "  R =\n",
      "    0.995739 -7.77933e-05   -0.0922214\n",
      "  5.1942e-05            1  -0.00028269\n",
      "   0.0922213  0.000276695     0.995738\n",
      "  p =  0.0268245 0.00013072  0.0227696\n",
      "\n",
      "0.09883311602213374\n",
      "  R =\n",
      "    0.996489 -6.71207e-05   -0.0837255\n",
      " 4.59644e-05            1 -0.000254584\n",
      "   0.0837254  0.000249841     0.996489\n",
      "  p =   0.0245437 0.000124779   0.0224055\n",
      "\n",
      "0.09017495887786961\n",
      "  R =\n",
      "    0.997108  -5.7521e-05   -0.0760018\n",
      " 4.02132e-05            1 -0.000229226\n",
      "   0.0760017  0.000225506     0.997108\n",
      "  p =    0.022469 0.000119265   0.0220917\n",
      "\n",
      "0.08234600823745626\n",
      "  R =\n",
      "    0.997618 -4.88797e-05   -0.0689809\n",
      " 3.47255e-05            1 -0.000206352\n",
      "   0.0689808  0.000203464     0.997618\n",
      "  p =   0.0205822 0.000114142   0.0218205\n",
      "\n",
      "0.07527347259675034\n",
      "  R =\n",
      "    0.998039 -4.10954e-05   -0.0625995\n",
      "  2.9525e-05            1 -0.000185717\n",
      "   0.0625994  0.000183504     0.998039\n",
      "  p =   0.0188663 0.000109375   0.0215856\n",
      "\n",
      "0.06889134729939647\n",
      "  R =\n",
      "    0.998386 -3.40785e-05   -0.0567999\n",
      " 2.46242e-05            1 -0.000167105\n",
      "   0.0567998  0.000165435     0.998386\n",
      "  p =   0.0173063 0.000104935   0.0213818\n",
      "\n",
      "0.06313975712983531\n",
      "  R =\n",
      "    0.998672 -2.77494e-05   -0.0515294\n",
      " 2.00277e-05            1 -0.000150316\n",
      "   0.0515292  0.000149084     0.998671\n",
      "  p =   0.0158879 0.000100794   0.0212044\n",
      "\n",
      "0.05796434559162046\n",
      "  R =\n",
      "    0.998908 -2.20372e-05   -0.0467399\n",
      " 1.57338e-05            1 -0.000135174\n",
      "   0.0467398   0.00013429     0.998907\n",
      "  p =   0.0145986 9.69251e-05   0.0210498\n",
      "\n",
      "0.0533157049049013\n",
      "  R =\n",
      "    0.999102  -1.6879e-05   -0.0423877\n",
      " 1.17362e-05            1 -0.000121517\n",
      "   0.0423876   0.00012091     0.999101\n",
      "  p =   0.0134266 9.33065e-05   0.0209147\n",
      "\n",
      "0.04914884203957123\n",
      "  R =\n",
      "    0.999262 -1.22189e-05   -0.0384332\n",
      " 8.02527e-06            1   -0.0001092\n",
      "   0.0384331   0.00010881     0.999261\n",
      "  p =   0.0123614 8.99172e-05   0.0207964\n",
      "\n",
      "0.04542267778299452\n",
      "  R =\n",
      "    0.999393 -8.00658e-06     -0.03484\n",
      " 4.58924e-06            1 -9.80918e-05\n",
      "   0.0348399  9.78717e-05     0.999393\n",
      "  p =  0.0113933 8.6738e-05  0.0206926\n",
      "\n",
      "0.04209957794834922\n",
      "  R =\n",
      "    0.999502 -4.19754e-06   -0.0315752\n",
      " 1.41466e-06            1 -8.80742e-05\n",
      "   0.0315751   8.7985e-05     0.999501\n",
      "  p =   0.0105134 8.37519e-05   0.0206012\n",
      "\n",
      "0.0391449182748972\n",
      "  R =\n",
      "    0.999591 -7.51756e-07   -0.0286089\n",
      "-1.51276e-06            1 -7.90407e-05\n",
      "   0.0286088   7.9051e-05     0.999591\n",
      "  p =  0.00971382 8.09431e-05   0.0205208\n",
      "\n",
      "0.03652668710343921\n",
      "  R =\n",
      "    0.999665  2.36655e-06   -0.0259138\n",
      "-4.20775e-06            1 -7.08951e-05\n",
      "   0.0259137  7.09798e-05     0.999664\n",
      "  p =  0.00898719 7.82976e-05   0.0204497\n",
      "\n",
      "0.03421513208615388\n",
      "  R =\n",
      "    0.999725  5.18944e-06   -0.0234652\n",
      "-6.68515e-06            1 -6.35508e-05\n",
      "   0.0234651  6.36896e-05     0.999725\n",
      "  p =  0.00832689 7.58023e-05   0.0203869\n",
      "\n",
      "0.03218245841391054\n",
      "  R =\n",
      "    0.999775  7.74569e-06   -0.0212406\n",
      "-8.95957e-06            1 -5.69294e-05\n",
      "   0.0212405  5.71063e-05     0.999774\n",
      "  p =  0.00772688 7.34456e-05   0.0203312\n",
      "\n",
      "0.030402585698841467\n",
      "  R =\n",
      "    0.999816  1.00612e-05   -0.0192194\n",
      "-1.10453e-05            1 -5.09606e-05\n",
      "   0.0192193  5.11629e-05     0.999815\n",
      "  p =  0.00718167 7.12169e-05   0.0202818\n",
      "\n",
      "0.028850968319103068\n",
      "  R =\n",
      "    0.999849   1.2159e-05   -0.0173832\n",
      " -1.2956e-05            1 -4.55805e-05\n",
      "    0.017383  4.57983e-05     0.999849\n",
      "  p =  0.00668627 6.91065e-05   0.0202378\n",
      "\n",
      "0.027504479747382793\n",
      "  R =\n",
      "    0.999877  1.40603e-05   -0.0157149\n",
      "-1.47048e-05            1 -4.07318e-05\n",
      "   0.0157147  4.09573e-05     0.999876\n",
      "  p =  0.00623614 6.71056e-05   0.0201987\n",
      "\n",
      "0.02634135577481528\n",
      "  R =\n",
      "      0.9999  1.57836e-05   -0.0141992\n",
      "-1.63042e-05            1 -3.63626e-05\n",
      "   0.0141991  3.65899e-05     0.999899\n",
      "  p =  0.00582714 6.52061e-05   0.0201638\n",
      "\n",
      "0.02534118577239664\n",
      "  R =\n",
      "    0.999918  1.73461e-05   -0.0128222\n",
      " -1.7766e-05            1 -3.24263e-05\n",
      "   0.0128221  3.26509e-05     0.999918\n",
      "  p =  0.00545552 6.34008e-05   0.0201326\n",
      "\n",
      "0.02448493658617476\n",
      "  R =\n",
      "    0.999933  1.87629e-05   -0.0115712\n",
      " -1.9101e-05            1 -2.88805e-05\n",
      "   0.0115711  2.90991e-05     0.999933\n",
      "  p =  0.00511788 6.16829e-05   0.0201047\n",
      "\n",
      "0.023754991477758634\n",
      "  R =\n",
      "    0.999946  2.00479e-05   -0.0104347\n",
      "-2.03197e-05            1 -2.56874e-05\n",
      "   0.0104346  2.58975e-05     0.999946\n",
      "  p =   0.0048111 6.00465e-05   0.0200797\n",
      "\n",
      "0.02313518718541968\n",
      "  R =\n",
      "    0.999956  2.12135e-05  -0.00940215\n",
      "-2.14316e-05            1 -2.28123e-05\n",
      "  0.00940202  2.30123e-05     0.999956\n",
      "  p =  0.00453237 5.84859e-05   0.0200574\n",
      "\n",
      "0.022610835383608887\n",
      "  R =\n",
      "    0.999965  2.22709e-05  -0.00846409\n",
      "-2.24455e-05            1 -2.02244e-05\n",
      "  0.00846396  2.04132e-05     0.999964\n",
      "  p = 0.00427913 5.6996e-05  0.0200373\n",
      "\n",
      "0.022168719622504256\n",
      "  R =\n",
      "    0.999971  2.32303e-05  -0.00761187\n",
      "-2.33699e-05            1 -1.78957e-05\n",
      "  0.00761174  1.80726e-05     0.999971\n",
      "  p =  0.00404904 5.55723e-05   0.0200193\n",
      "\n",
      "0.021797064047092952\n",
      "  R =\n",
      "    0.999977  2.41009e-05  -0.00683763\n",
      "-2.42122e-05            1 -1.58008e-05\n",
      "   0.0068375  1.59655e-05     0.999977\n",
      "  p =     0.00384 5.42104e-05    0.020003\n",
      "\n",
      "0.021485474785031513\n",
      "  R =\n",
      "    0.999982   2.4891e-05  -0.00613424\n",
      "-2.49795e-05            1  -1.3917e-05\n",
      "   0.0061341  1.40695e-05     0.999981\n",
      "  p =  0.00365008 5.29064e-05   0.0199884\n",
      "\n",
      "0.021224858207669742\n",
      "  R =\n",
      "    0.999985  2.56081e-05  -0.00549521\n",
      "-2.56784e-05            1 -1.22236e-05\n",
      "  0.00549508   1.2364e-05     0.999985\n",
      "  p =  0.00347753 5.16568e-05   0.0199753\n",
      "\n",
      "0.021007322112850352\n",
      "  R =\n",
      "    0.999988  2.62591e-05  -0.00491466\n",
      "-2.63146e-05            1  -1.0702e-05\n",
      "  0.00491453  1.08307e-05     0.999988\n",
      "  p =  0.00332076 5.04583e-05   0.0199635\n",
      "\n",
      "0.020826066407994587\n",
      "  R =\n",
      "    0.999991  2.68499e-05  -0.00438724\n",
      "-2.68938e-05            1 -9.33549e-06\n",
      "   0.0043871  9.45289e-06      0.99999\n",
      "  p =  0.00317833 4.93078e-05   0.0199528\n",
      "\n",
      "0.020675269436474467\n",
      "  R =\n",
      "    0.999993  2.73863e-05  -0.00390807\n",
      "-2.74209e-05            1 -8.10882e-06\n",
      "  0.00390794  8.21542e-06     0.999992\n",
      "  p =  0.00304893 4.82026e-05   0.0199432\n",
      "\n",
      "0.02054997508201344\n",
      "  R =\n",
      "    0.999994  2.78733e-05  -0.00347276\n",
      "-2.79005e-05            1 -7.00831e-06\n",
      "  0.00347262  7.10467e-06     0.999994\n",
      "  p = 0.00293137  4.714e-05  0.0199344\n",
      "\n",
      "0.02044598454366188\n",
      "  R =\n",
      "    0.999996  2.83155e-05  -0.00307728\n",
      "-2.83368e-05            1 -6.02161e-06\n",
      "  0.00307715  6.10829e-06     0.999995\n",
      "  p =  0.00282456 4.61178e-05   0.0199266\n",
      "\n",
      "0.020359755439931328\n",
      "  R =\n",
      "    0.999997   2.8717e-05  -0.00271799\n",
      "-2.87337e-05            1 -5.13753e-06\n",
      "  0.00271786  5.21512e-06     0.999996\n",
      "  p =  0.00272753 4.51338e-05   0.0199195\n",
      "\n",
      "0.020288309818179837\n",
      "  R =\n",
      "    0.999998  2.90816e-05  -0.00239158\n",
      "-2.90947e-05            1   -4.346e-06\n",
      "  0.00239145  4.41508e-06     0.999997\n",
      "  p =  0.00263937 4.41858e-05   0.0199131\n",
      "\n",
      "0.020229151777714782\n",
      "  R =\n",
      "   0.999998 2.94126e-05 -0.00209505\n",
      "-2.9423e-05           1 -3.6379e-06\n",
      " 0.00209491 3.69904e-06    0.999998\n",
      "  p =  0.00255927 4.32721e-05   0.0199072\n",
      "\n",
      "0.02018019477133281\n",
      "  R =\n",
      "    0.999999  2.97132e-05  -0.00182564\n",
      "-2.97215e-05            1 -3.00501e-06\n",
      "  0.00182551  3.05878e-06     0.999998\n",
      "  p =  0.00248651 4.23909e-05    0.019902\n",
      "\n",
      "0.0201396982080166\n",
      "  R =\n",
      "    0.999999  2.99863e-05  -0.00158089\n",
      "-2.99928e-05            1 -2.43991e-06\n",
      "  0.00158076  2.48684e-06     0.999999\n",
      "  p =   0.0024204 4.15406e-05   0.0198972\n",
      "\n",
      "0.020106212703206536\n",
      "  R =\n",
      "           1  3.02342e-05  -0.00135854\n",
      "-3.02396e-05            1 -1.93589e-06\n",
      "   0.0013584  1.97648e-06     0.999999\n",
      "  p =  0.00236034 4.07196e-05   0.0198929\n",
      "\n",
      "0.020078533173679067\n",
      "  R =\n",
      "           1  3.04594e-05  -0.00115653\n",
      "-3.04638e-05            1 -1.48689e-06\n",
      "   0.0011564  1.52164e-06     0.999999\n",
      "  p =  0.00230578 3.99267e-05    0.019889\n",
      "\n",
      "0.02005565891614333\n",
      "  R =\n",
      "           1  3.06639e-05 -0.000973014\n",
      "-3.06677e-05            1 -1.08745e-06\n",
      " 0.000972877   1.1168e-06     0.999999\n",
      "  p =  0.00225621 3.91604e-05   0.0198855\n",
      "\n",
      "0.020036759812799298\n",
      "  R =\n",
      "           1  3.08497e-05 -0.000806289\n",
      " -3.0853e-05            1 -7.32623e-07\n",
      " 0.000806152  7.57016e-07            1\n",
      "  p =  0.00221117 3.84197e-05   0.0198823\n",
      "\n",
      "0.02002114785043271\n",
      "  R =\n",
      "           1  3.10184e-05 -0.000654821\n",
      "-3.10214e-05            1 -4.17963e-07\n",
      " 0.000654683  4.37793e-07            1\n",
      "  p =  0.00217026 3.77033e-05   0.0198794\n",
      "\n",
      "0.02000825320532605\n",
      "  R =\n",
      "           1  3.11717e-05 -0.000517213\n",
      "-3.11744e-05            1 -1.39441e-07\n",
      " 0.000517076  1.55083e-07            1\n",
      "  p =  0.00213309 3.70102e-05   0.0198767\n",
      "\n",
      "0.01999760422253173\n",
      "  R =\n",
      "           1  3.13109e-05 -0.000392199\n",
      "-3.13135e-05            1  1.06573e-07\n",
      " 0.000392061 -9.47743e-08            1\n",
      "  p =  0.00209932 3.63393e-05   0.0198743\n",
      "\n",
      "0.019988810696974144\n",
      "  R =\n",
      "           1  3.14373e-05 -0.000278624\n",
      "-3.14399e-05            1   3.2336e-07\n",
      " 0.000278487 -3.15082e-07            1\n",
      "  p =  0.00206864 3.56899e-05   0.0198722\n",
      "\n",
      "0.019981549940440633\n",
      "  R =\n",
      "           1  3.15522e-05 -0.000175443\n",
      "-3.15548e-05            1  5.13879e-07\n",
      " 0.000175306 -5.08824e-07            1\n",
      "  p =  0.00204077 3.50609e-05   0.0198702\n",
      "\n",
      "0.019975555189863572\n",
      "  R =\n",
      "           1  3.16565e-05 -8.17037e-05\n",
      "-3.16591e-05            1  6.80799e-07\n",
      " 8.15665e-05 -6.78694e-07            1\n",
      "  p =  0.00201544 3.44516e-05   0.0198684\n",
      "\n",
      "0.019970605976903654\n",
      "  R =\n",
      "           1  3.17513e-05  3.45712e-06\n",
      " -3.1754e-05            1  8.26532e-07\n",
      "-3.59443e-06 -8.27123e-07            1\n",
      "  p =  0.00199244 3.38612e-05   0.0198668\n",
      "\n",
      "0.019966520136187056\n",
      "  R =\n",
      "           1  3.18374e-05  8.08248e-05\n",
      "-3.18401e-05            1  9.53253e-07\n",
      "-8.09622e-05 -9.56307e-07            1\n",
      "  p = 0.00197154 3.3289e-05  0.0198653\n",
      "\n",
      "0.019963147179662806\n",
      "  R =\n",
      "           1  3.19156e-05  0.000151113\n",
      "-3.19184e-05            1  1.06292e-06\n",
      " -0.00015125 -1.06823e-06            1\n",
      "  p =  0.00195255 3.27342e-05    0.019864\n",
      "\n",
      "0.019960362807855247\n",
      "  R =\n",
      "           1  3.19866e-05  0.000214968\n",
      "-3.19895e-05            1  1.15731e-06\n",
      "-0.000215106 -1.16467e-06            1\n",
      "  p =   0.0019353 3.21962e-05   0.0198628\n",
      "\n",
      "0.019958064365868028\n",
      "  R =\n",
      "           1  3.20511e-05   0.00027298\n",
      "-3.20541e-05            1  1.23802e-06\n",
      "-0.000273118 -1.24725e-06            1\n",
      "  p =  0.00191963 3.16745e-05   0.0198617\n",
      "\n",
      "0.019956167083528827\n",
      "  R =\n",
      "           1  3.21097e-05  0.000325684\n",
      "-3.21128e-05            1  1.30648e-06\n",
      "-0.000325821 -1.31741e-06            1\n",
      "  p =  0.00190539 3.11683e-05   0.0198607\n",
      "\n",
      "0.019954600965728476\n",
      "  R =\n",
      "           1   3.2163e-05  0.000373564\n",
      "-3.21662e-05            1  1.36399e-06\n",
      "-0.000373702 -1.37648e-06            1\n",
      "  p =  0.00189246 3.06772e-05   0.0198598\n",
      "\n",
      "0.01995330822144724\n",
      "  R =\n",
      "           1  3.22114e-05  0.000417063\n",
      "-3.22146e-05            1  1.41172e-06\n",
      "  -0.0004172 -1.42564e-06            1\n",
      "  p =  0.00188071 3.02006e-05    0.019859\n",
      "\n",
      "0.01995224113879016\n",
      "  R =\n",
      "           1  3.22553e-05  0.000456581\n",
      "-3.22587e-05            1  1.45074e-06\n",
      "-0.000456719 -1.46594e-06            1\n",
      "  p = 0.00187003 2.9738e-05  0.0198582\n",
      "\n",
      "0.01995136032909128\n",
      "  R =\n",
      "           1  3.22952e-05  0.000492483\n",
      "-3.22987e-05            1  1.48198e-06\n",
      "-0.000492621 -1.49836e-06            1\n",
      "  p = 0.00186033 2.9289e-05  0.0198576\n",
      "\n",
      "0.019950633276282367\n",
      "  R =\n",
      "           1  3.23315e-05    0.0005251\n",
      " -3.2335e-05            1   1.5063e-06\n",
      "-0.000525237 -1.52376e-06            1\n",
      "  p =  0.00185152 2.88531e-05   0.0198569\n",
      "\n",
      "0.01995003313865765\n",
      "  R =\n",
      "           1  3.23645e-05  0.000554731\n",
      " -3.2368e-05            1  1.52448e-06\n",
      "-0.000554869 -1.54291e-06            1\n",
      "  p =  0.00184352 2.84298e-05   0.0198564\n",
      "\n",
      "0.0199495377592571\n",
      "  R =\n",
      "           1  3.23944e-05  0.000581651\n",
      " -3.2398e-05            1   1.5372e-06\n",
      "-0.000581789 -1.55653e-06            1\n",
      "  p =  0.00183625 2.80187e-05   0.0198559\n",
      "\n",
      "0.019949128848640606\n",
      "  R =\n",
      "           1  3.24216e-05  0.000606108\n",
      "-3.24252e-05            1   1.5451e-06\n",
      "-0.000606245 -1.56523e-06            1\n",
      "  p =  0.00182964 2.76195e-05   0.0198554\n",
      "\n",
      "0.01994879131008673\n",
      "  R =\n",
      "           1  3.24463e-05  0.000628326\n",
      "-3.24499e-05            1  1.54873e-06\n",
      "-0.000628464  -1.5696e-06            1\n",
      "  p =  0.00182364 2.72317e-05    0.019855\n",
      "\n",
      "0.019948512682437393\n",
      "  R =\n",
      "           1  3.24687e-05  0.000648512\n",
      "-3.24724e-05            1  1.54861e-06\n",
      "-0.000648649 -1.57014e-06            1\n",
      "  p = 0.00181818 2.6855e-05  0.0198546\n",
      "\n",
      "0.019948282680109054\n",
      "  R =\n",
      "           1  3.24891e-05   0.00066685\n",
      "-3.24928e-05            1  1.54517e-06\n",
      "-0.000666987 -1.56732e-06            1\n",
      "  p = 0.00181323 2.6489e-05  0.0198543\n",
      "\n",
      "0.0199480928133422\n",
      "  R =\n",
      "           1  3.25076e-05   0.00068351\n",
      "-3.25114e-05            1  1.53884e-06\n",
      "-0.000683647 -1.56154e-06            1\n",
      "  p =  0.00180873 2.61335e-05    0.019854\n",
      "\n",
      "0.01994793607470968\n",
      "  R =\n",
      "           1  3.25245e-05  0.000698645\n",
      "-3.25282e-05            1  1.52997e-06\n",
      "-0.000698783 -1.55318e-06            1\n",
      "  p = 0.00180464 2.5788e-05  0.0198537\n",
      "\n",
      "0.019947806680330166\n",
      "  R =\n",
      "           1  3.25397e-05  0.000712396\n",
      "-3.25435e-05            1   1.5189e-06\n",
      "-0.000712533 -1.54257e-06            1\n",
      "  p =  0.00180093 2.54523e-05   0.0198534\n",
      "\n",
      "0.019947699856247884\n",
      "  R =\n",
      "           1  3.25536e-05  0.000724888\n",
      "-3.25574e-05            1  1.50593e-06\n",
      "-0.000725025 -1.53001e-06            1\n",
      "  p = 0.00179755 2.5126e-05  0.0198532\n",
      "\n",
      "0.01994761166209945\n",
      "  R =\n",
      "           1  3.25662e-05  0.000736236\n",
      "  -3.257e-05            1  1.49131e-06\n",
      "-0.000736374 -1.51577e-06            1\n",
      "  p =  0.00179448 2.48089e-05    0.019853\n",
      "\n",
      "0.019947538845563134\n",
      "  R =\n",
      "           1  3.25777e-05  0.000746547\n",
      "-3.25815e-05            1  1.47528e-06\n",
      "-0.000746684 -1.50008e-06            1\n",
      "  p =   0.0017917 2.45008e-05   0.0198528\n",
      "\n",
      "0.019947478722218033\n",
      "  R =\n",
      "           1  3.25881e-05  0.000755914\n",
      "-3.25919e-05            1  1.45806e-06\n",
      "-0.000756051 -1.48318e-06            1\n",
      "  p =  0.00178917 2.42012e-05   0.0198526\n",
      "\n",
      "0.019947429076379048\n",
      "  R =\n",
      "           1  3.25976e-05  0.000764423\n",
      "-3.26014e-05            1  1.43983e-06\n",
      "-0.000764561 -1.46523e-06            1\n",
      "  p =  0.00178687 2.39101e-05   0.0198524\n",
      "\n",
      "0.019947388079246096\n",
      "  R =\n",
      "           1  3.26062e-05  0.000772154\n",
      "  -3.261e-05            1  1.42077e-06\n",
      "-0.000772292 -1.44643e-06            1\n",
      "  p =  0.00178478 2.36271e-05   0.0198523\n",
      "\n",
      "0.01994735422134521\n",
      "  R =\n",
      "           1   3.2614e-05  0.000779178\n",
      "-3.26178e-05            1  1.40103e-06\n",
      "-0.000779315 -1.42692e-06            1\n",
      "  p =  0.00178288 2.33519e-05   0.0198522\n",
      "\n",
      "0.0199473262567664\n",
      "  R =\n",
      "           1  3.26211e-05  0.000785558\n",
      "-3.26248e-05            1  1.38073e-06\n",
      "-0.000785696 -1.40684e-06            1\n",
      "  p =  0.00178116 2.30845e-05    0.019852\n",
      "\n",
      "0.019947303157138427\n",
      "  R =\n",
      "           1  3.26275e-05  0.000791355\n",
      "-3.26313e-05            1     1.36e-06\n",
      "-0.000791493  -1.3863e-06            1\n",
      "  p =  0.00177959 2.28244e-05   0.0198519\n",
      "\n",
      "0.019947284073641373\n",
      "  R =\n",
      "           1  3.26334e-05  0.000796622\n",
      "-3.26371e-05            1  1.33895e-06\n",
      "-0.000796759 -1.36543e-06            1\n",
      "  p =  0.00177817 2.25716e-05   0.0198518\n",
      "\n",
      "0.01994726830565207\n",
      "  R =\n",
      "           1  3.26387e-05  0.000801406\n",
      "-3.26424e-05            1  1.31768e-06\n",
      "-0.000801544 -1.34431e-06            1\n",
      "  p =  0.00177688 2.23258e-05   0.0198517\n",
      "\n",
      "0.01994725527486498\n",
      "  R =\n",
      "           1  3.26435e-05  0.000805753\n",
      "-3.26472e-05            1  1.29625e-06\n",
      " -0.00080589 -1.32304e-06            1\n",
      "  p =   0.0017757 2.20868e-05   0.0198517\n",
      "\n",
      "0.01994724450393323\n",
      "  R =\n",
      "           1  3.26479e-05  0.000809701\n",
      "-3.26516e-05            1  1.27476e-06\n",
      "-0.000809839 -1.30167e-06            1\n",
      "  p =  0.00177464 2.18545e-05   0.0198516\n",
      "\n",
      "0.019947235598838466\n",
      "  R =\n",
      "           1  3.26519e-05  0.000813289\n",
      "-3.26556e-05            1  1.25326e-06\n",
      "-0.000813426  -1.2803e-06            1\n",
      "  p =  0.00177367 2.16285e-05   0.0198515\n",
      "\n",
      "0.01994722823434055\n",
      "  R =\n",
      "           1  3.26555e-05  0.000816548\n",
      "-3.26592e-05            1  1.23181e-06\n",
      "-0.000816686 -1.25896e-06            1\n",
      "  p =  0.00177279 2.14088e-05   0.0198515\n",
      "\n",
      "0.01994722214196711\n",
      "  R =\n",
      "           1  3.26588e-05  0.000819509\n",
      "-3.26625e-05            1  1.21047e-06\n",
      "-0.000819647 -1.23771e-06            1\n",
      "  p =  0.00177199 2.11952e-05   0.0198514\n",
      "\n",
      "0.019947217100101704\n",
      "  R =\n",
      "           1  3.26618e-05  0.000822199\n",
      "-3.26655e-05            1  1.18927e-06\n",
      "-0.000822336 -1.21661e-06            1\n",
      "  p =  0.00177126 2.09875e-05   0.0198514\n",
      "\n",
      "0.019947212925802187\n",
      "  R =\n",
      "           1  3.26645e-05  0.000824643\n",
      "-3.26682e-05            1  1.16826e-06\n",
      " -0.00082478 -1.19568e-06            1\n",
      "  p =   0.0017706 2.07854e-05   0.0198513\n",
      "\n",
      "0.019947209468047983\n",
      "  R =\n",
      "           1   3.2667e-05  0.000826863\n",
      "-3.26706e-05            1  1.14746e-06\n",
      "   -0.000827 -1.17496e-06            1\n",
      "  p =    0.00177 2.0589e-05  0.0198513\n",
      "\n",
      "0.019947206602166655\n",
      "  R =\n",
      "           1  3.26692e-05   0.00082888\n",
      "-3.26728e-05            1  1.12692e-06\n",
      "-0.000829017 -1.15448e-06            1\n",
      "  p = 0.00176945 2.0398e-05  0.0198512\n",
      "\n",
      "0.01994720422523358\n",
      "  R =\n",
      "           1  3.26713e-05  0.000830712\n",
      "-3.26749e-05            1  1.10664e-06\n",
      " -0.00083085 -1.13426e-06            1\n",
      "  p =  0.00176896 2.02122e-05   0.0198512\n",
      "\n",
      "0.019947202252275646\n",
      "  R =\n",
      "           1  3.26731e-05  0.000832377\n",
      "-3.26767e-05            1  1.08666e-06\n",
      "-0.000832515 -1.11434e-06            1\n",
      "  p =  0.00176851 2.00315e-05   0.0198512\n",
      "\n",
      "0.019947200613136942\n",
      "  R =\n",
      "           1  3.26748e-05  0.000833889\n",
      "-3.26784e-05            1  1.06699e-06\n",
      "-0.000834027 -1.09471e-06            1\n",
      "  p =   0.0017681 1.98558e-05   0.0198511\n",
      "\n",
      "0.019947199249892224\n",
      "  R =\n",
      "           1  3.26763e-05  0.000835263\n",
      "-3.26799e-05            1  1.04764e-06\n",
      "-0.000835401 -1.07541e-06            1\n",
      "  p =  0.00176773 1.96849e-05   0.0198511\n",
      "\n",
      "0.019947198114712333\n",
      "  R =\n",
      "           1  3.26777e-05  0.000836511\n",
      "-3.26813e-05            1  1.02863e-06\n",
      "-0.000836649 -1.05644e-06            1\n",
      "  p =  0.00176739 1.95187e-05   0.0198511\n",
      "\n",
      "0.019947197168101706\n",
      "  R =\n",
      "           1   3.2679e-05  0.000837645\n",
      "-3.26825e-05            1  1.00996e-06\n",
      "-0.000837783 -1.03782e-06            1\n",
      "  p =  0.00176709 1.93571e-05   0.0198511\n",
      "\n",
      "0.019947196377444285\n",
      "  R =\n",
      "           1  3.26801e-05  0.000838676\n",
      "-3.26836e-05            1  9.91656e-07\n",
      "-0.000838813 -1.01955e-06            1\n",
      "  p =  0.00176681 1.91999e-05    0.019851\n",
      "\n",
      "0.019947195715802817\n",
      "  R =\n",
      "           1  3.26812e-05  0.000839612\n",
      "-3.26847e-05            1  9.73708e-07\n",
      "-0.000839749 -1.00163e-06            1\n",
      "  p =  0.00176655 1.90471e-05    0.019851\n",
      "\n",
      "0.019947195160928095\n",
      "  R =\n",
      "           1  3.26821e-05  0.000840462\n",
      "-3.26856e-05            1  9.56124e-07\n",
      "  -0.0008406 -9.84073e-07            1\n",
      "  p =  0.00176632 1.88984e-05    0.019851\n",
      "\n",
      "0.019947194694440954\n",
      "  R =\n",
      "           1   3.2683e-05  0.000841234\n",
      "-3.26864e-05            1  9.38908e-07\n",
      "-0.000841372 -9.66883e-07            1\n",
      "  p =  0.00176612 1.87538e-05    0.019851\n",
      "\n",
      "0.019947194301157472\n",
      "  R =\n",
      "           1  3.26837e-05  0.000841936\n",
      "-3.26872e-05            1  9.22061e-07\n",
      "-0.000842074 -9.50059e-07            1\n",
      "  p =  0.00176593 1.86132e-05    0.019851\n",
      "\n",
      "0.019947193968531448\n",
      "  R =\n",
      "           1  3.26844e-05  0.000842574\n",
      "-3.26879e-05            1  9.05582e-07\n",
      "-0.000842711 -9.33602e-07            1\n",
      "  p =  0.00176575 1.84764e-05    0.019851\n",
      "\n",
      "0.019947193686194832\n",
      "  R =\n",
      "           1  3.26851e-05  0.000843153\n",
      "-3.26885e-05            1  8.89473e-07\n",
      "-0.000843291 -9.17512e-07            1\n",
      "  p =   0.0017656 1.83434e-05    0.019851\n",
      "\n",
      "0.01994719344557744\n",
      "  R =\n",
      "           1  3.26857e-05  0.000843679\n",
      "-3.26891e-05            1   8.7373e-07\n",
      "-0.000843817 -9.01787e-07            1\n",
      "  p = 0.00176546 1.8214e-05   0.019851\n",
      "\n",
      "0.01994719323959443\n",
      "  R =\n",
      "           1  3.26862e-05  0.000844157\n",
      "-3.26896e-05            1  8.58351e-07\n",
      "-0.000844295 -8.86425e-07            1\n",
      "  p =  0.00176533 1.80881e-05   0.0198509\n",
      "\n",
      "0.019947193062386764\n",
      "  R =\n",
      "           1  3.26867e-05  0.000844591\n",
      "-3.26901e-05            1  8.43335e-07\n",
      "-0.000844729 -8.71422e-07            1\n",
      "  p =  0.00176521 1.79658e-05   0.0198509\n",
      "\n",
      "0.019947192909108208\n",
      "  R =\n",
      "           1  3.26871e-05  0.000844986\n",
      "-3.26905e-05            1  8.28676e-07\n",
      "-0.000845124 -8.56777e-07            1\n",
      "  p =   0.0017651 1.78467e-05   0.0198509\n",
      "\n",
      "0.019947192775748863\n",
      "  R =\n",
      "           1  3.26875e-05  0.000845344\n",
      "-3.26909e-05            1  8.14371e-07\n",
      "-0.000845482 -8.42484e-07            1\n",
      "  p =    0.001765 1.77309e-05   0.0198509\n",
      "\n",
      "0.019947192658989657\n",
      "  R =\n",
      "           1  3.26879e-05   0.00084567\n",
      "-3.26913e-05            1  8.00415e-07\n",
      "-0.000845808  -8.2854e-07            1\n",
      "  p =  0.00176492 1.76183e-05   0.0198509\n",
      "\n",
      "0.01994719255608204\n",
      "  R =\n",
      "           1  3.26882e-05  0.000845966\n",
      "-3.26916e-05            1  7.86804e-07\n",
      "-0.000846104 -8.14938e-07            1\n",
      "  p =  0.00176484 1.75088e-05   0.0198509\n",
      "\n",
      "0.019947192464749266\n",
      "  R =\n",
      "           1  3.26885e-05  0.000846235\n",
      "-3.26919e-05            1  7.73533e-07\n",
      "-0.000846372 -8.01676e-07            1\n",
      "  p =  0.00176476 1.74023e-05   0.0198509\n",
      "\n",
      "0.01994719238310388\n",
      "  R =\n",
      "           1  3.26888e-05  0.000846479\n",
      "-3.26921e-05            1  7.60595e-07\n",
      "-0.000846617 -7.88746e-07            1\n",
      "  p =   0.0017647 1.72987e-05   0.0198509\n",
      "\n",
      "0.01994719230958064\n",
      "  R =\n",
      "           1   3.2689e-05  0.000846701\n",
      "-3.26924e-05            1  7.47985e-07\n",
      "-0.000846838 -7.76144e-07            1\n",
      "  p =  0.00176464 1.71979e-05   0.0198509\n",
      "\n",
      "0.01994719224288046\n",
      "  R =\n",
      "           1  3.26893e-05  0.000846902\n",
      "-3.26926e-05            1  7.35698e-07\n",
      " -0.00084704 -7.63863e-07            1\n",
      "  p =  0.00176458 1.70999e-05   0.0198509\n",
      "\n",
      "0.019947192181924256\n",
      "  R =\n",
      "           1  3.26895e-05  0.000847085\n",
      "-3.26928e-05            1  7.23727e-07\n",
      "-0.000847223 -7.51898e-07            1\n",
      "  p =  0.00176453 1.70045e-05   0.0198509\n",
      "\n",
      "0.019947192125814802\n",
      "  R =\n",
      "           1  3.26896e-05  0.000847252\n",
      "-3.26929e-05            1  7.12066e-07\n",
      "-0.000847389 -7.40243e-07            1\n",
      "  p =  0.00176449 1.69118e-05   0.0198509\n",
      "\n",
      "0.019947192073805773\n",
      "  R =\n",
      "           1  3.26898e-05  0.000847403\n",
      "-3.26931e-05            1  7.00709e-07\n",
      " -0.00084754 -7.28892e-07            1\n",
      "  p =  0.00176445 1.68216e-05   0.0198509\n",
      "\n",
      "0.019947192025275146\n",
      "  R =\n",
      "           1    3.269e-05   0.00084754\n",
      "-3.26932e-05            1  6.89651e-07\n",
      "-0.000847678 -7.17838e-07            1\n",
      "  p =  0.00176441 1.67339e-05   0.0198509\n",
      "\n",
      "0.019947191979704213\n",
      "  R =\n",
      "           1  3.26901e-05  0.000847665\n",
      "-3.26934e-05            1  6.78884e-07\n",
      "-0.000847802 -7.07075e-07            1\n",
      "  p =  0.00176438 1.66486e-05   0.0198509\n",
      "\n",
      "0.019947191936659607\n",
      "  R =\n",
      "           1  3.26902e-05  0.000847778\n",
      "-3.26935e-05            1  6.68402e-07\n",
      "-0.000847916 -6.96597e-07            1\n",
      "  p =  0.00176435 1.65656e-05   0.0198509\n",
      "\n",
      "0.01994719189577875\n",
      "  R =\n",
      "           1  3.26903e-05  0.000847881\n",
